appendicularia 	thermocline 	halocline 	pycnocline 	chloroMax 	mixedDepth 	temperature 	salinity 	density 	fluorimetry 	windSpeed 	distance 	currentSpeed
1596 	81 	67 	69 	97 	62 	28,6109491359447 	35,8269448348694 	22,8197969854071 	0,053596643625192 	262,637426900585 	23473,1899366472 	20,2932798867252
2344 	87 	87 	87 	95 	59 	28,6681821630347 	35,8432548627926 	22,8128843018563 	0,0609781355932203 	320,567993366501 	20736,8726820956 	36,0703240859701
2785 	94 	67 	81 	102 	66 	28,5698454945055 	35,8258992307692 	22,8328371428571 	0,0536800586080586 	345,352459016394 	23446,3436164324 	20,2395939730426
2404 	89 	22 	89 	97 	69 	28,6143115596963 	35,8604591442374 	22,8441056763285 	0,0544459454796411 	378,116666666667 	20736,8726820956 	28,4456696220512
1541 	74 	89 	74 	97 	63 	28,5866064751827 	35,8854156210632 	22,8723559775762 	0,0533224792139078 	344,795589482612 	20736,8726820956 	22,6578452495248
2458 	75 	78 	76 	108 	69 	28,581200122549 	35,8846765231092 	22,8733323529412 	0,0636786729691877 	290,720930232558 	23425,4940893305 	22,0430657422728
725 	81 	83 	81 	99 	63 	28,5692032142857 	35,8810344047619 	22,8744091468254 	0,0557010436507937 	378,64964964965 	28970,3639137174 	13,042680212771
1773 	63 	63 	63 	104 	61 	28,5756945875618 	35,8426295212074 	22,8431815508717 	0,0541555581576893 	319,045808966862 	20825,6090385072 	6,79944028776357
1502 	91 	66 	91 	99 	63 	28,5610961829176 	35,8602114890401 	22,8613239984883 	0,0551542328042328 	334,624872579001 	12019,0556692955 	15,6029474467447
1519 	71 	67 	71 	96 	62 	28,546652937788 	35,846747311828 	22,856001344086 	0,0565663671274962 	380,405708460755 	4964,54795978779 	8,44512545528183
640 	65 	65 	65 	90 	60 	28,5666451775625 	35,84473791364 	22,8477486682809 	0,0559797820823245 	299,860860860861 	4964,54795978779 	24,7891527418293
1787 	67 	48 	67 	104 	55 	28,5477056349206 	35,8515093650794 	22,858936024531 	0,0556135093795094 	420,12962962963 	11978,2989183013 	14,0938519995998
1419 	72 	66 	71 	98 	65 	28,5329924665179 	35,7838426897321 	22,8133736421131 	0,0560681770833333 	441,768959435626 	20838,5522373794 	18,0022356342209
974 	85 	49 	67 	93 	55 	28,5146367316017 	35,7977895021645 	22,829453459268 	0,054437365210547 	208,095095095095 	20841,9320969724 	7,23611683057634
1341 	65 	64 	64 	95 	52 	28,4953791666667 	35,8265692765568 	22,8573409798535 	0,055998021978022 	235,358333333333 	12016,8631627029 	5,41705200578798
1084 	56 	59 	57 	90 	54 	28,583338712522 	35,8604475088183 	22,8537522266314 	0,0557928571428571 	149,721072796935 	12016,8631627029 	12,3814825755087
2978 	72 	63 	65 	104 	64 	28,5104644965278 	35,7815434461806 	22,8190166790675 	0,0546122507440476 	156,927170868347 	16227,2328045407 	18,2921209138261
1351 	88 	56 	57 	95 	55 	28,5636922871573 	35,8653644227994 	22,8639234559885 	0,0556370346320346 	196,071278825996 	23543,5152576715 	10,3710473333274
805 	55 	53 	54 	95 	52 	28,5326614774115 	35,8014233287546 	22,8260920253358 	0,0547281166056166 	256,786252354049 	29010,1491420918 	21,4817722353453
2260 	58 	44 	58 	89 	47 	28,521754517055 	35,765417055049 	22,8024470618034 	0,0580650574130361 	266,491491491492 	23462,525272726 	11,3363004602977
1323 	61 	62 	61 	105 	59 	28,5338508291144 	35,7910140545895 	22,8181823299582 	0,0544489089441632 	229,081671415005 	20773,0852548489 	15,2997952419262
812 	81 	83 	82 	89 	59 	28,7163732262088 	35,9382407109839 	22,8682760877541 	0,0579036172866681 	347,563685636856 	20736,8726820956 	21,4733007158303
796 	70 	39 	70 	97 	66 	28,62175995671 	35,9657963203463 	22,9206781024531 	0,0596094660894661 	313,685636856369 	23425,4940893305 	23,2045089227481
1998 	73 	22 	74 	100 	59 	28,6600748453054 	35,9264132499327 	22,8780053268765 	0,0538911662631154 	302,028673835126 	28970,3639137174 	27,9779252641147
680 	57 	51 	56 	95 	55 	28,597283961039 	35,9012574025974 	22,8797758946609 	0,0564536724386724 	342,233254531127 	23484,6696466121 	20,3740326466392
592 	68 	52 	69 	97 	63 	28,6903582357533 	35,9424021857924 	22,8802281420765 	0,0589484153005464 	324,43795620438 	16151,6123720912 	38,2098315641578
1701 	66 	50 	69 	94 	61 	28,7554258001561 	35,9528544496487 	22,8662557377049 	0,0587382669789227 	383,421875 	11920,0179962011 	33,8173949421104
1733 	78 	79 	78 	94 	63 	28,7545744897959 	35,9288167422525 	22,8485815570673 	0,057387634164777 	309,071741032371 	11920,0179962011 	29,9965845874536
1578 	78 	54 	79 	92 	56 	28,5530447916667 	35,8102092261905 	22,8261742559524 	0,0541922916666667 	254,606403013183 	20838,5522373794 	7,10662641635147
1092 	65 	28 	65 	92 	53 	28,6579071428571 	35,8553470799641 	22,8250982704402 	0,0547896046720575 	324,661998132586 	20841,9320969724 	8,03211954193126
2595 	57 	59 	58 	105 	54 	28,6477438712522 	35,8706213183422 	22,8400680114638 	0,0561663051146385 	296,438069216758 	11980,1265809347 	10,2614702185937
833 	50 	23 	51 	94 	49 	28,6190694849368 	35,9064778425656 	22,8763065597668 	0,0552898736637512 	318,870523415978 	4964,96185702764 	18,0038651039735
3519 	68 	68 	68 	92 	56 	28,6425973809524 	35,8685054761905 	22,8402888744589 	0,0557057229437229 	288,618464052288 	4964,96185702764 	18,6216898357372
2874 	65 	68 	66 	98 	61 	28,6157046252927 	35,8417675448868 	22,8292859289617 	0,0569080640124902 	393,264197530864 	12020,890718722 	9,9980149135799
1251 	87 	58 	58 	107 	59 	28,4767766949153 	35,8614854519774 	22,8898947740113 	0,0572669491525424 	490,305128205128 	20828,9866759915 	26,4986438209948
632 	73 	77 	74 	101 	64 	28,6821770089286 	35,8744435639881 	22,8318948660714 	0,0571814322916667 	611,998353909465 	23532,0516876954 	15,852847332676
3440 	58 	44 	58 	107 	55 	28,5509032034632 	35,829241038961 	22,8410822077922 	0,0634393246753247 	428,44776119403 	23462,525272726 	13,6115523914383
5330 	57 	45 	57 	98 	56 	28,5884211309524 	35,8716177083333 	22,860530952381 	0,0650501785714286 	409,086222222222 	20773,0852548489 	8,73868834748617
5689 	79 	80 	79 	95 	66 	28,6008832600733 	35,8778794871795 	22,8616203663004 	0,061811956043956 	432,133333333333 	20773,0852548489 	9,21244564681227
2632 	59 	62 	60 	90 	58 	28,66199408867 	35,8753279146141 	22,8390160098522 	0,0603176929392447 	474,054178145087 	23483,3827770615 	6,63207383236166
2978 	88 	96 	89 	105 	70 	28,6590642857143 	35,8438949275362 	22,8168710489993 	0,0604753071083506 	474,183574879227 	29000,8425401203 	12,846527592457
2968 	79 	46 	79 	93 	60 	28,7074883333333 	35,8402652777778 	22,7975633333333 	0,0623858333333333 	530,306481481481 	28961,06279241 	15,6087844480257
1916 	72 	54 	72 	100 	62 	28,6699606950845 	35,8974327380952 	22,8531738095238 	0,0591323886328725 	429,620016963528 	16151,6123720912 	14,2543610924537
1898 	74 	51 	71 	97 	62 	28,7415901689708 	35,9421260752688 	22,8629189324117 	0,0602114938556068 	366,541666666667 	11920,0179962011 	11,289639794808
1753 	58 	48 	58 	91 	54 	28,7226033289242 	35,9364307760141 	22,8646013888889 	0,0611484171075838 	324,141824751581 	11920,0179962011 	9,90064415218023
1863 	80 	51 	82 	102 	63 	28,6630642665131 	35,9263812596006 	22,8772593701997 	0,062667841781874 	267,671875 	16181,8498563221 	25,9428339513994
1686 	92 	49 	92 	100 	77 	28,6959233766234 	35,9296407699443 	22,8693286641929 	0,0603535003092146 	480,945736434109 	23473,1899366472 	30,7418604491397
4018 	83 	50 	85 	95 	72 	28,7263989087302 	35,9289450066138 	22,8583953042328 	0,0626416865079365 	489,349593495935 	20825,6090385072 	33,5850156186746
2079 	80 	77 	82 	92 	63 	28,7285941043084 	35,9245818594104 	22,8540613756614 	0,059491783824641 	464,178117048346 	12019,0556692955 	37,2764801921133
9131 	77 	62 	63 	106 	63 	28,6845461983783 	35,9139126915413 	22,8606787449323 	0,0587710279667423 	209,627362055933 	12020,890718722 	23,686414866017
4735 	77 	60 	78 	105 	64 	28,7004860057044 	35,9281427331349 	22,8661456349206 	0,058774972718254 	110,640791476408 	20828,9866759915 	17,2649857250605
1361 	57 	79 	58 	96 	54 	28,5929575396825 	35,8808225529101 	22,8657976851852 	0,0585260890652557 	201,794982078853 	23532,0516876954 	4,13758266964319
2860 	55 	52 	55 	91 	48 	28,6750655009921 	35,8832655505952 	22,8401675760582 	0,0573419576719577 	308,666666666667 	16257,3626316451 	34,8472215063608
1900 	53 	27 	53 	100 	50 	28,5939255714286 	35,9445967142857 	22,913335047619 	0,0575035238095238 	409,664215686275 	12016,8631627029 	13,2696799493852
3463 	51 	37 	49 	100 	47 	28,7150909726444 	35,9159725227963 	22,8513769199595 	0,056931874366768 	431,902985074627 	12016,8631627029 	24,8497096780834
4729 	63 	49 	62 	96 	59 	28,6347726594027 	35,8393997376917 	22,8210217917676 	0,0589835472154964 	466,42962962963 	16227,2328045407 	8,15819937673408
672 	74 	58 	75 	88 	58 	28,5636428981938 	35,8157249794745 	22,8268553776683 	0,0540226026272578 	385,125382262997 	11980,1265809347 	18,5189689947248
1745 	76 	77 	76 	99 	66 	28,597154985119 	35,8278244791667 	22,825292875744 	0,053769806547619 	259,383753501401 	20773,0852548489 	10,0129916783602
1591 	62 	60 	61 	79 	58 	28,6447743431855 	35,8780790845649 	22,8466800082102 	0,0635456814449918 	264,633709981168 	16181,8498563221 	35,5499112505237
1089 	72 	49 	72 	89 	53 	28,7686586702606 	35,8743922731357 	22,8025874213836 	0,0615090206648697 	452,036429872495 	23446,3436164324 	36,0589866431898
6835 	90 	93 	90 	101 	65 	28,583402967033 	35,9490062637363 	22,9205023809524 	0,058765304029304 	494,02374893978 	4964,54795978779 	5,99901140372464
2139 	68 	61 	68 	94 	63 	28,577856401249 	35,8513593286495 	22,8492818891491 	0,0552027790788447 	320,826262626263 	23484,6696466121 	10,7896785252212
1125 	62 	67 	62 	90 	59 	28,5625603107345 	35,8686595238095 	22,866959503632 	0,0555835512510089 	194,903342366757 	16151,6123720912 	15,2242376056133
2219 	58 	72 	58 	102 	53 	28,5829736298293 	35,8847125336927 	22,8720461365678 	0,0552320125786164 	160,23679417122 	11920,0179962011 	6,57283127100415
1344 	63 	67 	63 	100 	55 	28,5756120779221 	35,8955166017316 	22,8827998484848 	0,053591987012987 	196,908045977011 	11920,0179962011 	6,6446024431257
1302 	71 	73 	71 	92 	60 	28,62180625 	35,8444415277778 	22,8293075595238 	0,0538381547619048 	245,143961352657 	16181,8498563221 	16,072152818645
1594 	71 	73 	71 	104 	65 	28,6253136587771 	35,8482050788955 	22,8310758298112 	0,0557024539306847 	338,675925925926 	4964,96185702764 	22,9791879966349
2468 	76 	76 	76 	99 	68 	28,5292843954248 	35,8255391339869 	22,8460116013072 	0,054534795751634 	240,482363315697 	4964,96185702764 	17,0805420719271
595 	72 	75 	73 	95 	61 	28,5707574551132 	35,836218813427 	22,8400348946136 	0,054113606557377 	258,038800705467 	12020,890718722 	27,6349232677889
795 	82 	83 	82 	93 	71 	28,6397035043595 	35,8674595741113 	22,8410195506372 	0,0552646344735077 	224,484848484848 	20828,9866759915 	38,9898943831399
742 	83 	79 	82 	105 	66 	28,5720377224627 	35,8206225829726 	22,8280977873978 	0,0558957696007696 	234,052586938083 	23532,0516876954 	17,6327382191322
1267 	62 	62 	62 	100 	61 	28,517895820027 	35,8320034419133 	22,8543398126464 	0,0550252700305159 	231,294222222222 	16257,3626316451 	20,5856210573997
477 	74 	74 	74 	95 	63 	28,5923136054422 	35,8050153817082 	22,8094885487528 	0,0569583446712018 	365,93501048218 	23483,3827770615 	3,08551481254803
1237 	81 	80 	81 	89 	62 	28,6392271505376 	35,8158610599078 	22,8020379416283 	0,0568318279569892 	299,050882658359 	29000,8425401203 	6,05597074654753
1611 	73 	22 	74 	106 	70 	28,6633132993197 	35,8708486054422 	22,8357103401361 	0,0579327619047619 	380,466826538769 	28961,06279241 	11,4172214665882
1960 	66 	71 	67 	100 	64 	28,624927827381 	35,8729405877976 	22,8498061755952 	0,0578636904761905 	212,109401709402 	23446,3436164324 	31,8462465662605
2303 	82 	85 	82 	101 	66 	28,6622005772006 	35,8525711038961 	22,8221534090909 	0,0571606060606061 	238,655806182122 	23473,1899366472 	28,4500127641033
2532 	73 	82 	73 	99 	68 	28,6382835959384 	35,870099667367 	22,8433632878151 	0,0539440511204482 	365,91935483871 	20825,6090385072 	20,4413504812211
3024 	88 	89 	89 	97 	67 	28,6568760838664 	35,8855067164179 	22,8486991826581 	0,0540984790334044 	314,602564102564 	12019,0556692955 	21,6729421894404
2792 	74 	54 	74 	93 	60 	28,6942118849206 	35,915665515873 	22,8586543650794 	0,0549663968253968 	293,151675485009 	4964,54795978779 	12,206266281671
2927 	72 	29 	72 	106 	60 	28,5539652777778 	35,9546715079365 	22,9344701190476 	0,0587928571428571 	256,079012345679 	4964,54795978779 	21,6924909830097
2349 	76 	92 	76 	96 	64 	28,6556222470238 	35,88727890625 	22,8503321800595 	0,0547004836309524 	302,995625546807 	11978,2989183013 	31,3058627830324
1960 	55 	37 	55 	97 	54 	28,5136546296296 	35,8587488315697 	22,875528813933 	0,0573817372134039 	502,039401103231 	16257,3626316451 	16,8720787085005
2152 	56 	45 	57 	81 	53 	28,6197193620845 	35,8630492362983 	22,8436501796945 	0,0592669362084456 	488,722222222222 	12016,8631627029 	4,59922443392889
1193 	94 	93 	94 	104 	66 	28,6822 	35,9157348484849 	22,8629621212121 	0,0569271717171717 	522,264 	12016,8631627029 	7,45988242630325
1955 	72 	54 	72 	100 	68 	28,6729572595705 	35,881039746732 	22,8400842086835 	0,0604994269374416 	472,692431561997 	16227,2328045407 	23,9508738537604
551 	70 	46 	70 	97 	48 	28,5526030753968 	35,7996313988095 	22,8180057291667 	0,0605632688492063 	539,603406326034 	23543,5152576715 	21,5046945256233
1647 	62 	53 	62 	90 	52 	28,5236177655678 	35,7887390567766 	22,8196201236264 	0,0605913873626374 	411,150481189851 	29010,1491420918 	11,7585768713868
1905 	74 	68 	74 	100 	66 	28,7400371933622 	35,8942803932179 	22,8276076118326 	0,0594236652236652 	607,762273901809 	20736,8726820956 	35,9738374558172
1681 	90 	56 	62 	100 	54 	28,6587271604938 	35,9029740740741 	22,8606410493827 	0,0578041975308642 	374,177951388889 	20736,8726820956 	17,5074734147972
1368 	70 	45 	72 	94 	61 	28,6771111241218 	35,9232857533177 	22,8701089773614 	0,0576264090554255 	326,338422391858 	23425,4940893305 	13,5373659390131
1171 	67 	49 	62 	91 	59 	28,6701444915254 	35,8970383171913 	22,8527161622276 	0,0599144188861985 	307,4609375 	28970,3639137174 	17,9302474960339
1960 	93 	66 	94 	105 	66 	28,6556624098124 	35,8359049152237 	22,8117942821068 	0,0602463275613276 	303,034063260341 	23484,6696466121 	11,8685277695688
6425 	88 	60 	89 	95 	61 	28,7289334113973 	35,9374734972678 	22,8635130366901 	0,060664168618267 	307,843555555556 	4964,54795978779 	19,1692817031306
10301 	65 	65 	65 	96 	62 	28,6935295506912 	35,8493810675883 	22,8091974270353 	0,0579602726574501 	224,589552238806 	11978,2989183013 	11,2876082406718
838 	87 	75 	85 	100 	65 	28,6484583516484 	35,8215769230769 	22,8034287057387 	0,0590213455433455 	447,825739408473 	20838,5522373794 	2,97928532168044
4084 	68 	43 	68 	105 	66 	28,6575800505051 	35,8376755050505 	22,8124647727273 	0,0579598484848485 	248,813034188034 	20841,9320969724 	10,2332801275275
11281 	59 	58 	59 	101 	57 	28,6604561403509 	35,831196449457 	22,8063131578947 	0,0565999958228906 	189,32955404384 	11980,1265809347 	13,9263925582219
5478 	82 	50 	82 	96 	49 	28,7088821185617 	35,9226828474247 	22,8586189018465 	0,0615442857142857 	297,062656641604 	4964,96185702764 	26,0402988484035
5328 	76 	27 	76 	91 	75 	28,2155568095238 	35,976643983269 	23,0648473777349 	0,0619772063492064 	258,702637889688 	4964,96185702764 	28,8603901994512
3044 	54 	24 	54 	94 	47 	28,6827244680851 	35,8464182370821 	22,8099217831814 	0,0610609827760892 	487,368421052632 	23543,5152576715 	17,1749746092304
1892 	69 	58 	70 	106 	60 	28,6084087169312 	35,7944368518518 	22,796133531746 	0,0580960978835979 	511,206682206682 	29010,1491420918 	7,88316827624584
3745 	78 	66 	77 	101 	64 	28,6752553571429 	35,8136296502976 	22,7884554315476 	0,0595679092261905 	413,079835390947 	23462,525272726 	12,0529863450052
3478 	87 	54 	87 	96 	78 	28,7076912596663 	35,8864718253968 	22,8330149470899 	0,0601153266178266 	430,012722646311 	20773,0852548489 	13,6311891858078
3135 	80 	59 	80 	90 	59 	28,7028479015335 	35,8717001008878 	22,822794693301 	0,061411598062954 	403,760942760943 	20773,0852548489 	6,1521748915381
3601 	74 	76 	74 	105 	66 	28,6624153860029 	35,8641802128427 	22,8307878607504 	0,0599643686868687 	305,788655788656 	23483,3827770615 	5,94174751254298
